---bc-n-iter---
15000 0.961011904762 0.957142857143
18000 0.959098639456 0.933333333333
3250 0.967304421769 0.957142857143
7250 0.969302721088 0.952380952381
11000 0.973341836735 0.952380952381
15500 0.961096938776 0.938095238095
19250 0.969217687075 0.952380952381
750 0.969302721088 0.928571428571
6250 0.963137755102 0.957142857143
8500 0.961096938776 0.957142857143
14250 0.965178571429 0.952380952381
19500 0.967176870748 0.961904761905
2500 0.975425170068 0.933333333333
6500 0.967219387755 0.957142857143
10250 0.975425170068 0.957142857143
12750 0.971258503401 0.942857142857
17750 0.973341836735 0.957142857143
3500 0.973384353741 0.957142857143
6750 0.963180272109 0.938095238095
10750 0.971301020408 0.952380952381
14000 0.957015306122 0.957142857143
19000 0.965178571429 0.957142857143
2000 0.969302721088 0.966666666667
7750 0.955017006803 0.952380952381
12000 0.965178571429 0.957142857143
15750 0.963180272109 0.952380952381
19750 0.954974489796 0.957142857143
250 0.965178571429 0.952380952381
5500 0.957015306122 0.952380952381
9500 0.965178571429 0.933333333333
13750 0.975425170068 0.957142857143
18250 0.967261904762 0.961904761905
1250 0.967261904762 0.947619047619
8000 0.955017006803 0.957142857143
11250 0.961096938776 0.961904761905
16000 0.963180272109 0.957142857143
20000 0.971343537415 0.957142857143
