---bc---
1 0.934560327198 0.909523809524
2 0.934560327198 0.909523809524
3 0.950920245399 0.938095238095
4 0.959100204499 0.933333333333
5 0.969325153374 0.942857142857
6 0.967280163599 0.952380952381
7 0.977505112474 0.952380952381
8 0.977505112474 0.952380952381
9 0.971370143149 0.947619047619
10 0.969325153374 0.947619047619
11 0.971370143149 0.947619047619
12 0.969325153374 0.947619047619
13 0.971370143149 0.942857142857
14 0.975460122699 0.942857142857
15 0.977505112474 0.947619047619
16 0.9836400818 0.942857142857
17 0.9836400818 0.938095238095
18 0.9836400818 0.947619047619
19 0.9836400818 0.942857142857
20 0.985685071575 0.947619047619
21 0.98773006135 0.938095238095
22 0.993865030675 0.942857142857
23 0.989775051125 0.942857142857
24 0.989775051125 0.938095238095
25 0.9918200409 0.933333333333
26 0.99591002045 0.938095238095
27 0.99591002045 0.933333333333
28 0.993865030675 0.938095238095
29 0.997955010225 0.942857142857
30 0.99591002045 0.938095238095
31 0.99591002045 0.942857142857
32 0.99591002045 0.947619047619
33 1.0 0.947619047619
34 1.0 0.947619047619
35 0.997955010225 0.947619047619
36 0.997955010225 0.947619047619
37 1.0 0.942857142857
38 1.0 0.942857142857
39 0.997955010225 0.938095238095
40 1.0 0.938095238095
41 0.997955010225 0.942857142857
42 0.997955010225 0.942857142857
43 1.0 0.947619047619
44 1.0 0.942857142857
45 1.0 0.942857142857
46 1.0 0.947619047619
47 1.0 0.952380952381
48 1.0 0.952380952381
49 1.0 0.952380952381
50 1.0 0.947619047619
51 1.0 0.957142857143
52 1.0 0.957142857143
53 1.0 0.952380952381
54 1.0 0.952380952381
55 1.0 0.957142857143
56 1.0 0.957142857143
57 1.0 0.957142857143
58 1.0 0.957142857143
59 1.0 0.957142857143
60 1.0 0.952380952381
61 1.0 0.957142857143
62 1.0 0.952380952381
63 1.0 0.957142857143
64 1.0 0.952380952381
65 1.0 0.957142857143
66 1.0 0.952380952381
67 1.0 0.957142857143
68 1.0 0.957142857143
69 1.0 0.957142857143
70 1.0 0.952380952381
71 1.0 0.957142857143
72 1.0 0.957142857143
73 1.0 0.952380952381
74 1.0 0.952380952381
75 1.0 0.952380952381
76 1.0 0.942857142857
77 1.0 0.947619047619
78 1.0 0.947619047619
79 1.0 0.947619047619
80 1.0 0.947619047619
81 1.0 0.947619047619
82 1.0 0.947619047619
83 1.0 0.947619047619
84 1.0 0.947619047619
85 1.0 0.947619047619
86 1.0 0.947619047619
87 1.0 0.947619047619
88 1.0 0.947619047619
89 1.0 0.947619047619
90 1.0 0.947619047619
91 1.0 0.947619047619
92 1.0 0.952380952381
93 1.0 0.952380952381
94 1.0 0.952380952381
95 1.0 0.952380952381
96 1.0 0.952380952381
97 1.0 0.952380952381
98 1.0 0.952380952381
99 1.0 0.952380952381
100 1.0 0.947619047619
---v---
1 0.170454545455 0.166666666667
2 0.17803030303 0.132034632035
3 0.193181818182 0.177489177489
4 0.17803030303 0.12987012987
5 0.204545454545 0.190476190476
6 0.17803030303 0.132034632035
7 0.204545454545 0.190476190476
8 0.17803030303 0.132034632035
9 0.204545454545 0.190476190476
10 0.17803030303 0.132034632035
11 0.204545454545 0.190476190476
12 0.17803030303 0.132034632035
13 0.204545454545 0.190476190476
14 0.17803030303 0.132034632035
15 0.204545454545 0.190476190476
16 0.17803030303 0.132034632035
17 0.204545454545 0.190476190476
18 0.17803030303 0.127705627706
19 0.204545454545 0.188311688312
20 0.17803030303 0.132034632035
21 0.204545454545 0.190476190476
22 0.17803030303 0.132034632035
23 0.204545454545 0.190476190476
24 0.17803030303 0.132034632035
25 0.204545454545 0.190476190476
26 0.17803030303 0.132034632035
27 0.204545454545 0.190476190476
28 0.17803030303 0.127705627706
29 0.204545454545 0.190476190476
30 0.17803030303 0.127705627706
31 0.204545454545 0.190476190476
32 0.17803030303 0.132034632035
33 0.204545454545 0.190476190476
34 0.17803030303 0.132034632035
35 0.204545454545 0.190476190476
36 0.17803030303 0.132034632035
37 0.204545454545 0.188311688312
38 0.17803030303 0.132034632035
39 0.204545454545 0.188311688312
40 0.17803030303 0.12987012987
41 0.204545454545 0.188311688312
42 0.17803030303 0.132034632035
43 0.204545454545 0.190476190476
44 0.17803030303 0.132034632035
45 0.204545454545 0.188311688312
46 0.17803030303 0.127705627706
47 0.204545454545 0.190476190476
48 0.17803030303 0.132034632035
49 0.204545454545 0.190476190476
50 0.17803030303 0.132034632035
51 0.204545454545 0.190476190476
52 0.17803030303 0.12987012987
53 0.204545454545 0.190476190476
54 0.17803030303 0.12987012987
55 0.204545454545 0.190476190476
56 0.17803030303 0.132034632035
57 0.204545454545 0.186147186147
58 0.17803030303 0.132034632035
59 0.204545454545 0.188311688312
60 0.17803030303 0.132034632035
61 0.204545454545 0.190476190476
62 0.17803030303 0.127705627706
63 0.204545454545 0.190476190476
64 0.17803030303 0.132034632035
65 0.204545454545 0.188311688312
66 0.17803030303 0.132034632035
67 0.204545454545 0.190476190476
68 0.17803030303 0.12987012987
69 0.204545454545 0.188311688312
70 0.17803030303 0.132034632035
71 0.204545454545 0.188311688312
72 0.17803030303 0.12987012987
73 0.204545454545 0.190476190476
74 0.17803030303 0.12987012987
75 0.204545454545 0.188311688312
76 0.17803030303 0.12987012987
77 0.204545454545 0.190476190476
78 0.17803030303 0.132034632035
79 0.204545454545 0.190476190476
80 0.17803030303 0.12987012987
81 0.204545454545 0.190476190476
82 0.17803030303 0.132034632035
83 0.204545454545 0.190476190476
84 0.17803030303 0.132034632035
85 0.204545454545 0.190476190476
86 0.17803030303 0.132034632035
87 0.204545454545 0.186147186147
88 0.17803030303 0.125541125541
89 0.204545454545 0.183982683983
90 0.17803030303 0.123376623377
91 0.204545454545 0.186147186147
92 0.17803030303 0.127705627706
93 0.204545454545 0.186147186147
94 0.17803030303 0.125541125541
95 0.204545454545 0.181818181818
96 0.17803030303 0.127705627706
97 0.204545454545 0.186147186147
98 0.17803030303 0.127705627706
99 0.204545454545 0.181818181818
100 0.17803030303 0.125541125541
