knn_k_neighbors
---bc---
1 0.955017006803 0.952380952381
2 0.955017006803 0.952380952381
3 0.971343537415 0.966666666667
4 0.965221088435 0.966666666667
5 0.967219387755 0.961904761905
6 0.967219387755 0.961904761905
7 0.971301020408 0.952380952381
8 0.971301020408 0.952380952381
9 0.971301020408 0.952380952381
10 0.971301020408 0.952380952381
---v---
1 0.932727272727 0.562770562771
2 0.932727272727 0.562770562771
3 0.897727272727 0.573593073593
4 0.883181818182 0.575757575758
5 0.854545454545 0.584415584416
6 0.835909090909 0.588744588745
7 0.807272727273 0.601731601732
8 0.813181818182 0.58658008658
9 0.805 0.584415584416
10 0.803636363636 0.58658008658
train_size
---bc---
0.1 0.935 0.92380952381
0.2 0.947777777778 0.942857142857
0.3 0.971904761905 0.957142857143
0.4 0.979444444444 0.952380952381
0.5 0.971333333333 0.952380952381
0.6 0.972636262514 0.957142857143
0.7 0.965210084034 0.966666666667
0.8 0.974345479082 0.966666666667
0.9 0.981760629551 0.966666666667
1.0 0.971343537415 0.966666666667
---v---
0.2 0.718181818182 0.519480519481
0.3 0.872727272727 0.534632034632
0.4 0.9 0.5
0.5 0.918181818182 0.525974025974
0.6 0.963636363636 0.538961038961
0.7 0.980303030303 0.532467532468
0.8 0.987878787879 0.532467532468
0.9 0.993636363636 0.562770562771
1.0 0.932727272727 0.562770562771
