11000 0.955017006803 0.952380952381
11250 0.957015306122 0.933333333333
12000 0.967219387755 0.957142857143
11750 0.967176870748 0.957142857143
13000 0.971301020408 0.957142857143
12250 0.975425170068 0.938095238095
12750 0.956887755102 0.957142857143
12500 0.963180272109 0.957142857143
11500 0.971301020408 0.952380952381
13250 0.954846938776 0.957142857143
13500 0.969302721088 0.938095238095
14500 0.971258503401 0.952380952381
14000 0.971343537415 0.952380952381
14250 0.957057823129 0.952380952381
13750 0.956930272109 0.957142857143
14750 0.975382653061 0.957142857143
15000 0.946768707483 0.928571428571
15250 0.973384353741 0.952380952381
15500 0.959056122449 0.957142857143
16000 0.975425170068 0.952380952381
15750 0.963180272109 0.952380952381
16250 0.965178571429 0.957142857143
16500 0.959013605442 0.942857142857
16750 0.961011904762 0.957142857143
17000 0.967261904762 0.957142857143
18000 0.959098639456 0.952380952381
17250 0.969260204082 0.952380952381
17500 0.961054421769 0.952380952381
18250 0.967261904762 0.947619047619
18750 0.952933673469 0.952380952381
17750 0.965263605442 0.957142857143
18500 0.959098639456 0.928571428571
19000 0.973384353741 0.952380952381
19250 0.971343537415 0.957142857143
20000 0.967261904762 0.952380952381
19750 0.971343537415 0.957142857143
19500 0.965178571429 0.942857142857
