1 0.134090909091 0.194805194805
5 0.277727272727 0.329004329004
10 0.441818181818 0.376623376623
50 0.58 0.469696969697
100 0.643181818182 0.515151515152
150 0.713181818182 0.562770562771
200 0.734545454545 0.536796536797
250 0.751363636364 0.558441558442
500 0.823181818182 0.577922077922
750 0.841818181818 0.54329004329
1250 0.838636363636 0.580086580087
1000 0.834545454545 0.54329004329
1500 0.841818181818 0.584415584416
2000 0.828636363636 0.577922077922
1750 0.829545454545 0.560606060606
2250 0.819090909091 0.545454545455
